30 0
3 5
26 19
5 11
6 11
6 10
7 10
7 9
8 9
8 8
9 8
9 7
9 6
10 6
10 5
17 1
17 2
17 3
16 3
16 4
16 5
16 6
15 6
15 7
15 8
14 8
14 9
14 10
13 10
13 11
18 0
4 12
4 13
3 13
3 14
3 15
3 16
5 12
9 14
8 14
8 15
8 16
8 17
7 17
7 18
7 19
6 19
6 20
5 20
5 21
4 21
4 22
3 22
3 23
5 28
6 28
7 28
8 28
8 29
9 29
10 29
12 20
13 20
13 21
13 22
13 23
11 27
12 27
13 27
14 27
15 27
16 27
19 15
19 16
20 16
20 17
20 18
20 19
20 20
20 21
20 15
21 15
22 15
23 15
24 15
25 15
20 11
21 11
21 10
22 10
22 9
23 9
23 8
23 7
23 6
24 6
24 5
25 5
25 4
25 3
25 2
27 12
27 11
27 10
27 9
27 8
28 8
28 7
28 6
28 5
24 23
25 23
26 23
27 23
28 23
26 26
26 27
26 28
26 29
18 24
19 24
19 25
20 25
20 26
21 26
21 27
22 27
22 28
23 28
19 17
